============================================================
法制与法治词频统计报告
============================================================

总体统计:
  法制: 总计出现 44,702 次
       总体频率: 92.32 次/百万词
  法治: 总计出现 72,372 次
       总体频率: 149.46 次/百万词

年度详细统计:
------------------------------------------------------------
年份     法制(次/百万词)       法治(次/百万词)      
------------------------------------------------------------
1978   149.01          1.57           
1979   201.67          7.30           
1980   107.62          30.67          
1981   92.60           16.27          
1982   97.50           9.88           
1983   80.51           5.90           
1984   65.98           4.67           
1985   142.49          10.53          
1986   192.43          14.48          
1987   151.05          14.99          
1988   141.02          20.82          
1989   144.34          18.90          
1990   99.39           15.12          
1991   97.40           19.83          
1992   98.55           9.58           
1993   154.18          12.87          
1994   159.10          12.26          
1995   137.77          12.01          
1996   160.29          17.01          
1997   176.72          33.96          
1998   154.76          39.08          
1999   204.48          81.88          
2000   205.11          89.32          
2001   211.47          65.75          
2002   193.96          48.28          
2003   148.60          71.58          
2004   151.37          66.40          
2005   85.37           82.52          
2006   93.89           93.54          
2007   81.06           102.99         
2008   74.60           99.32          
2009   60.75           59.66          
2010   57.53           60.22          
2011   61.15           71.43          
2012   48.53           97.13          
2013   37.88           132.14         
2014   58.50           478.70         
2015   37.92           446.83         
2016   29.36           327.68         
2017   24.21           284.54         
2018   28.39           328.85         
2019   22.66           342.21         
2020   18.14           409.30         
2021   16.70           554.89         
2022   12.40           395.27         
2023   13.86           364.49         
2024   10.28           323.95         

趋势分析:
  法制: 1978年 149.01 → 2024年 10.28
        变化: -138.73 (-93.1%)
  法治: 1978年 1.57 → 2024年 323.95
        变化: +322.38 (+20526.3%)

============================================================